# type	x	y	ani_set_id	tag	tag1	tag2	
# type: 0 = Mario , 1 = Brick, 2 = Goomba, 3 = Koopas, 4 = Block
# MARIO
#0	1972	100	1
0	50	75	1
# Brick
1	0	112	0	1
1	0	128	0	1
1	0	144	0	1
1	0	160	0	1
1	0	176	0	1
1	16	112	0	1
1	16	128	0	1
1	16	144	0	1
1	16	160	0	1
1	16	176	0	1
1	32	112	0	1
1	32	128	0	1
1	32	144	0	1
1	32	160	0	1
1	32	176	0	1
1	48	112	0	1
1	48	128	0	1
1	48	144	0	1
1	48	160	0	1
1	48	176	0	1
1	64	112	0	1
1	64	128	0	1
1	64	144	0	1
1	64	160	0	1
1	64	176	0	1
1	80	112	0	1
1	80	128	0	1
1	80	144	0	1
1	80	160	0	1
1	80	176	0	1
1	96	112	0	1
1	96	128	0	1
1	96	144	0	1
1	96	160	0	1
1	96	176	0	1
1	112	112	0	1
1	112	128	0	1
1	112	144	0	1
1	112	160	0	1
1	112	176	0	1
1	128	112	0	1
1	128	128	0	1
1	128	144	0	1
1	128	160	0	1
1	128	176	0	1
1	144	112	0	1
1	144	128	0	1
1	144	144	0	1
1	144	160	0	1
1	144	176	0	1
1	1920	160	0	1
1	1920	176	0	1
1	1936	160	0	1
1	1936	176	0	1
1	1952	160	0	1
1	1952	176	0	1
1	1968	160	0	1
1	1968	176	0	1
1	1984	160	0	1
1	1984	176	0	1
1	2000	160	0	1
1	2000	176	0	1
1	2016	160	0	1
1	2016	176	0	1
1	2032	160	0	1
1	2032	176	0	1
1	2032	0	0	1
1	2032	16	0	1
1	2032	32	0	1
1	2032	48	0	1
1	2032	64	0	1
1	2032	80	0	1
1	2032	96	0	1
1	2032	112	0	1
1	2032	128	0	1
1	2032	144	0	1
# Pipe
1	1936	96	10	10
1	1936	112	13	10
1	1936	128	13	10
1	1936	144	13	10
1	1952	96	11	10
1	1952	112	14	10
1	1952	128	14	10
1	1952	144	14	10
# Block
4	1968	128	0
4	1984	128	0
4	1992	128	0
# Flash Brick
112	224	112	12
112	240	112	12
112	256	112	12
112	272	112	12
112	384	96	12
112	400	96	12
112	416	96	12
112	432	96	12
112	448	96	12
112	608	48	12
112	624	48	12
142	640	48	42	42	4	1	0
112	640	128	12
112	656	48	12
112	656	128	12
112	752	80	12
112	752	112	12
112	752	128	12
112	768	128	12
112	784	128	12
112	800	128	12
112	864	96	12
112	864	112	12
112	864	128	12
112	864	144	12
112	880	144	12
112	896	144	12
112	960	96	12
112	960	112	12
142	976	112	42	42	1	1	0
112	976	160	12
112	992	160	12
112	1008	160	12
112	1024	160	12
142	1024	112	42	42	0	1	11
112	1040	112	12
112	1056	112	12
112	1072	112	12
112	1088	112	12
112	1168	144	12
112	1184	144	12
112	1184	64	12
112	1200	144	12
112	1200	64	12
112	1216	144	12
112	1216	64	12
112	1232	64	12
142	1232	48	42	42	4	1	0
112	1264	128	12
112	1280	128	12
112	1392	64	12
112	1408	64	12
112	1424	64	12
142	1536	48	42	42	0	1	7
112	1536	64	12
112	1536	128	12
112	1536	144	12
112	1536	160	12
112	1552	160	12
112	1568	160	12
112	1584	160	12
112	1728	48	12
112	1728	64	12
112	1728	80	12
112	1776	128	12
112	1792	128	12
112	1808	128	12
# --- Coin ---
6	336	64	6	6
6	352	64	6	6
6	368	64	6	6
6	416	32	6	6
6	432	32	6	6
6	448	32	6	6
6	768	64	6	6
6	784	64	6	6
6	800	64	6	6
6	848	32	6	6
6	864	32	6	6
6	880	32	6	6
6	1328	48	6	6
6	1344	48	6	6
6	1360	48	6	6
6	1504	31	6	6
6	1504	48	6	6
6	1504	65	6	6
6	1504	81	6	6
6	1504	97	6	6
6	1504	113	6	6
6	1504	129	6	6
6	1504	145	6	6
6	1888	64	6	6
6	1904	64	6	6
6	1920	64	6	6
# --- Floating Wood ---
26	384	82	26
26	576	112	26
26	608	64	26
26	640	160	26
26	768	96	26
26	1104	144	26
26	1216	80	26
26	1392	112	26
26	1424	96	26
26	1568	64	26
26	1776	96	26
26	1744	144	26
26	1792	176	26
# === Koopas === 
# --- Red ---
3	1072	84	3	1
3	2000	100	3	1
3	1870	64	3	3
# --- SCENE PORTAL ----
#type	x	y	ani	scene	tag start_x start_y	pipeUp
50	1938	95.5	0	5	1	130	147	1